#Data for RV of system %i circuit
#t time in days (JD-2,400,000)
#RV radial velocity in m/s
#e_RV uncertainty on RV in m/s
t,RV,e_RV
 49610.5268000001, -5.5165,  9.0000
 49612.4657000001, 27.4835,  9.0000
 49655.3067000001,-19.5185,  7.0000
 49728.2289000000,-57.5218,  7.0000
 49729.2266000002,  4.4781,  7.0000
 49730.2366999998, 56.4781,  8.0000
 49739.2681999998, 31.4777,  8.0000
 49750.2491000001,  3.4772,  8.0000
 49751.2470999998, 19.4771,  9.0000
 49753.2480000001,-60.5230,  8.0000
 49755.2533999998, 65.4769,  7.0000
 49765.2615999999,-30.5235,  8.0000
 49766.2601999999,-61.5236,  8.0000
 49766.2689999999,-65.5236,  8.0000
 49767.2593999999, 19.4764,  8.0000
 49903.5400000000, 67.4702,  8.0000
 49903.5488000000, 62.4702,  7.0000
 49904.5721999998, 25.4701,  7.0000
 49906.5973999999, -3.5300,  7.0000
 49906.6036000000, -5.5300,  7.0000
 49907.5559999999, 85.4700,  7.0000
 49908.5876000002, 39.4700,  7.0000
 49909.5704000001,-46.5301,  7.0000
 49910.5872000000,-17.5301,  9.0000
 49910.5984000000,-13.5301,  7.0000
 49969.3782000002,-41.5328,  7.0000
 49969.5822999999,-37.5328,  7.0000
 49970.4281000001, 37.4671,  7.0000
 49970.6222000001, 43.4671,  7.0000
 49971.4353000000, 63.4671,  7.0000
 49971.6131000002, 40.4671,  8.0000
 49972.3454000000, -9.5330,  7.0000
 49972.3520999998,-16.5330,  7.0000
 49974.3930000002,  7.4669,  8.0000
 49975.4237000002, 52.4669,  7.0000
 49976.4366000001,  2.4669,  7.0000
 49976.5921999998,-23.5332,  7.0000
 50021.2859000000, 29.4648,  7.0000
 50021.4437000002, 28.4648,  7.0000
 50022.3596999999, 62.4648,  7.0000
 50022.4537999998, 42.4648,  7.0000
 50023.2911000000,-25.5353,  7.0000
 50023.4251000001,-29.5353,  7.0000
 50023.4375999998,-37.5353,  7.0000
 50024.3059000000,-57.5353,  7.0000
 50024.4243000001,-55.5353,  7.0000
 50025.2538000001, 14.4646,  7.0000
 50025.4473000001, 19.4646,  7.0000
 50026.2851999998, 37.4646,  9.0000
 50026.4366000001, 54.4646,  8.0000
 50027.3953999998, 14.4645,  7.0000
 50027.4389000000,-27.5355,  7.0000
 50028.2864999999,-67.5355,  7.0000
 50028.3399000000,-63.5355,  7.0000
 50061.2777000000,-41.5370,  7.0000
 50062.2532000002,-79.5371,  7.0000
 50063.2505999999,-39.5371,  7.0000
 50070.2670000000,-43.5374,  8.0000
 50090.2524999999, 30.4617,  9.0000
 50091.2211000002,-24.5384,  7.0000
 50264.5921000000,-20.5463,  8.0000
 50265.5978000001,-39.5463,  7.0000
 50268.6022999999, -0.5465,  7.0000
 50324.4800000000,-38.5490,  7.0000
 50324.4964000001,-36.5490,  7.0000
 50325.4563000002, -1.5491,  7.0000
 50325.5858000000,  2.4509,  7.0000
 50326.4457999999, 61.4509,  7.0000
 50327.4537999998, 34.4508,  7.0000
 50328.4810000001,-33.5492,  7.0000
 50328.4953999999,-35.5492,  7.0000
 50329.4822000000,-14.5492,  7.0000
 50380.3506000000,-19.5516,  7.0000
 50381.3542999998, 44.4484,  7.0000
 50382.3684000000, 20.4483,  7.0000
 50383.3407000001,-43.5517,  7.0000
 50384.3185000001,-41.5517,  7.0000
 50385.3355000000, 46.4482,  7.0000
 50447.2300999998,-56.5546,  9.0000
 50448.2302999999,  0.4453,  7.0000
 50474.2348000002, 44.4442,  7.0000
 50475.2466000002, 39.4441,  7.0000
 50476.2686999999,-52.5559,  7.0000
 50675.5644999999,-47.5650,  7.0000
 50677.5984000000, 65.4349,  9.0000
 50678.5717000002, 34.4348,  7.0000
 50681.5159999998, 58.4347,  7.0000
 50700.5214999998,-52.5662,  7.0000
 50702.4975999999, 25.4337,  7.0000
 50703.4753999999, 50.4337,  7.0000
 50730.4311000002,-41.5675,  7.0000
 50731.4057999998,-21.5676,  7.0000
 50736.3500000001, 32.4322,  8.0000
 50766.3084000000, 39.4308,  7.0000
 50770.2940000002, 30.4307,  8.0000
 50773.3717999998,-64.5695,  7.0000
 50795.2702000001, -2.5705,  8.0000
 50822.2472000001,  5.4283,  7.0000
 50823.2514999998,-57.5718,  7.0000
 50824.2428000001,-54.5718,  7.0000
 51023.6253999998,  2.4191,  7.0000
 51026.5556999999,-35.5810,  8.0000
 51053.5191000002, 32.4177,  8.0000
 51058.5707000000, 55.4175,  7.0000
 51088.4153999998, 39.4161,  7.0000
 51118.3503999999, 25.4148,  7.0000
 51158.2423000000,-60.5870,  7.0000
 51390.5824000002,-52.5976,  8.0000
 51391.6110000000, 10.4023,  7.0000
 51392.5997000001, 61.4023,  7.0000
 51417.4959000000, 42.4011,  7.0000
 51418.4711000002, 55.4011,  7.0000
 51420.4989000000,-38.5990,  8.0000
 51423.5447000000, -7.5991,  7.0000
 51438.4668999999, 28.4002,  7.0000
 51442.4796000002,  0.4000,  7.0000
 51466.4114000001,-33.6011,  7.0000
 51467.4120999998,-32.6011,  7.0000
 51505.3235999998,-44.6029,  8.0000
 51510.3503000000,  9.3969,  7.0000
 51781.5320000001, 51.3845,  7.0000
 51782.4879000001, 45.3845,  7.0000
 51783.5073000002,-23.6156,  7.0000
 51783.5441999999,-24.6156,  8.0000
 51784.5082000000,-44.6156,  8.0000
 51785.5729999999, 25.3844,  7.0000
 51786.5096999998, 59.3843,  7.0000
 51803.4619999998, 37.3835,  7.0000
 51882.2379000001,-39.6201,  8.0000
 52111.5880999998, 53.3695,  7.0000
 52114.6030999999,-43.6307,  7.0000
 52115.6031999998, 38.3693,  7.0000
 52116.5951999999, 60.3693,  7.0000
 52117.5246000001, -9.6308,  7.0000
 52136.5761000002, 29.3683,  7.0000
 52137.5644000000, 77.3683,  7.0000
 52158.5288000000, 58.3673,  7.0000
 52159.5751000000, -5.6327,  7.0000
 52160.5717000002,-62.6327,  7.0000
 52197.4040999999, 32.3656,  7.0000
 52198.3616999998,-51.6345,  7.0000
 52217.4169000001, 36.3647,  7.0000
 52250.3147999998,-30.6368,  8.0000
 52488.5850999998, 58.3523,  7.0000
 52532.5079999999,-55.6497,  8.0000
 52533.5046999999,-55.6498,  8.0000
 52561.3034999999,  2.3490,  7.0000
 52565.4600999998, 20.3488,  7.0000
 52612.3547999999,-13.6534,  8.0000
 52833.6049000002,-62.6634,  7.0000
 52852.6161000002, 56.3357,  7.0000
 52858.5822000001,-47.6646,  8.0000
 52887.5339000002,-22.6659,  7.0000
