#  Time      R1      e_R1      R2      e_R2       R3     e_R3      R4       e_R4
   0.000  2178.00    46.67   560.00    23.66   149.00    12.21    58.00     7.62
   1.280  2056.00    45.34   512.00    22.63   142.00    11.92    50.00     7.07
   2.560  1961.00    44.28   492.00    22.18   143.00    11.96    52.00     7.21
   3.840  1864.00    43.17   451.00    21.24   149.00    12.21    39.00     6.24
   5.120  1725.00    41.53   456.00    21.35   126.00    11.22    42.00     6.48
   6.400  1631.00    40.39   411.00    20.27   142.00    11.92    35.00     5.92
   7.680  1714.00    41.40   401.00    20.02   118.00    10.86    49.00     7.00
   8.960  1533.00    39.15   386.00    19.65   119.00    10.91    39.00     6.24
  10.240  1522.00    39.01   369.00    19.21   127.00    11.27    37.00     6.08
  11.520  1391.00    37.30   356.00    18.87   116.00    10.77    40.00     6.32
  12.800  1289.00    35.90   339.00    18.41   100.00    10.00    37.00     6.08
  14.080  1290.00    35.92   320.00    17.89   100.00    10.00    36.00     6.00
  15.360  1259.00    35.48   302.00    17.38   101.00    10.05    25.00     5.00
  16.640  1163.00    34.10   285.00    16.88    83.00     9.11    32.00     5.66
  17.920  1116.00    33.41   266.00    16.31    81.00     9.00    41.00     6.40
  19.200  1080.00    32.86   269.00    16.40    73.00     8.54    39.00     6.24
  20.480  1039.00    32.23   245.00    15.65    72.00     8.49    23.00     4.80
  21.760   955.00    30.90   240.00    15.49    76.00     8.72    33.00     5.74
  23.040   990.00    31.46   223.00    14.93    74.00     8.60    27.00     5.20
  24.320   891.00    29.85   224.00    14.97    60.00     7.75    27.00     5.20
  25.600   834.00    28.88   178.00    13.34    76.00     8.72    19.00     4.36
  26.880   791.00    28.12   211.00    14.53    67.00     8.19    24.00     4.90
  28.160   743.00    27.26   180.00    13.42    53.00     7.28    23.00     4.80
  29.440   736.00    27.13   179.00    13.38    52.00     7.21    21.00     4.58
  30.720   697.00    26.40   153.00    12.37    63.00     7.94    21.00     4.58
  32.000   684.00    26.15   173.00    13.15    58.00     7.62    13.00     3.61
  33.280   614.00    24.78   172.00    13.11    57.00     7.55    19.00     4.36
  34.560   650.00    25.50   168.00    12.96    47.00     6.86     6.00     2.45
  35.840   585.00    24.19   154.00    12.41    49.00     7.00    15.00     3.87
  37.120   550.00    23.45   158.00    12.57    29.00     5.39    13.00     3.61
  38.400   514.00    22.67   139.00    11.79    50.00     7.07    17.00     4.12
  39.680   535.00    23.13   122.00    11.05    47.00     6.86    16.00     4.00
  40.960   476.00    21.82   116.00    10.77    52.00     7.21    15.00     3.87
  42.240   456.00    21.35   113.00    10.63    32.00     5.66    16.00     4.00
  43.520   443.00    21.05   109.00    10.44    30.00     5.48    10.00     3.16
  44.800   419.00    20.47   124.00    11.14    27.00     5.20    11.00     3.32
  46.080   412.00    20.30   111.00    10.54    30.00     5.48    14.00     3.74
  47.360   405.00    20.12   109.00    10.44    34.00     5.83    15.00     3.87
  48.640   355.00    18.84    83.00     9.11    29.00     5.39    11.00     3.32
  49.920   363.00    19.05    84.00     9.17    30.00     5.48     9.00     3.00
  51.200   321.00    17.92    86.00     9.27    25.00     5.00     6.00     2.45
  52.480   322.00    17.94    61.00     7.81    30.00     5.48     3.00     1.73
  53.760   299.00    17.29    66.00     8.12    22.00     4.69     8.00     2.83
  55.040   320.00    17.89    90.00     9.49    21.00     4.58     5.00     2.24
  56.320   266.00    16.31    70.00     8.37    22.00     4.69     7.00     2.65
  57.600   258.00    16.06    79.00     8.89    26.00     5.10     6.00     2.45
  58.880   266.00    16.31    54.00     7.35    18.00     4.24     9.00     3.00
  60.160   280.00    16.73    68.00     8.25    20.00     4.47     8.00     2.83
  61.440   230.00    15.17    60.00     7.75    23.00     4.80     1.00     2.00
  62.720   245.00    15.65    53.00     7.28    24.00     4.90    10.00     3.16
  64.000   217.00    14.73    51.00     7.14    13.00     3.61     5.00     2.24
  65.280   242.00    15.56    55.00     7.42    14.00     3.74     7.00     2.65
  66.560   203.00    14.25    47.00     6.86    12.00     3.46     5.00     2.24
  67.840   193.00    13.89    53.00     7.28    13.00     3.61     9.00     3.00
  69.120   153.00    12.37    40.00     6.32    17.00     4.12     4.00     2.00
  70.400   164.00    12.81    59.00     7.68    16.00     4.00     6.00     2.45
  71.680   171.00    13.08    45.00     6.71    14.00     3.74     2.00     1.41
  72.960   148.00    12.17    42.00     6.48     8.00     2.83     5.00     2.24
  74.240   167.00    12.92    33.00     5.74     9.00     3.00     5.00     2.24
  75.520   124.00    11.14    28.00     5.29    10.00     3.16     3.00     1.73
  76.800   138.00    11.75    35.00     5.92     8.00     2.83     4.00     2.00
  78.080   134.00    11.58    27.00     5.20    15.00     3.87     3.00     1.73
  79.360   121.00    11.00    24.00     4.90    11.00     3.32     2.00     1.41
  80.640   133.00    11.53    32.00     5.66     8.00     2.83     1.00     2.00
  81.920   114.00    10.68    22.00     4.69    11.00     3.32     4.00     2.00
  83.200   103.00    10.15    29.00     5.39     9.00     3.00     4.00     2.00
  84.480    87.00     9.33    23.00     4.80     8.00     2.83     4.00     2.00
  85.760    84.00     9.17    28.00     5.29     1.00     2.00     4.00     2.00
  87.040    92.00     9.59    17.00     4.12     5.00     2.24     2.00     1.41
  88.320    94.00     9.70    27.00     5.20     8.00     2.83     3.00     1.73
  89.600    90.00     9.49    32.00     5.66     7.00     2.65     1.00     2.00
  90.880    90.00     9.49    24.00     4.90     4.00     2.00     5.00     2.24
  92.160    66.00     8.12    27.00     5.20     7.00     2.65     1.00     2.00
  93.440    79.00     8.89    18.00     4.24    11.00     3.32     2.00     1.41
  94.720    59.00     7.68    25.00     5.00     7.00     2.65     3.00     1.73
  96.000    66.00     8.12     9.00     3.00     7.00     2.65     3.00     1.73
  97.280    80.00     8.94    25.00     5.00     5.00     2.24     2.00     1.41
  98.560    57.00     7.55    17.00     4.12     2.00     1.41     0.10     5.00
  99.840    68.00     8.25    15.00     3.87     7.00     2.65     1.00     2.00
 101.120    50.00     7.07    12.00     3.46     4.00     2.00     0.10     5.00
 102.400    38.00     6.16     7.00     2.65     5.00     2.24     0.10     5.00
 103.680    45.00     6.71    12.00     3.46     5.00     2.24     1.00     2.00
 104.960    50.00     7.07    14.00     3.74     3.00     1.73     1.00     2.00
 106.240    59.00     7.68    12.00     3.46     5.00     2.24     2.00     1.41
 107.520    44.00     6.63     8.00     2.83     8.00     2.83     2.00     1.41
 108.800    50.00     7.07    11.00     3.32     4.00     2.00     1.00     2.00
 110.080    35.00     5.92    11.00     3.32     4.00     2.00     1.00     2.00
 111.360    31.00     5.57    11.00     3.32     2.00     1.41     3.00     1.73
 112.640    48.00     6.93    11.00     3.32     3.00     1.73     3.00     1.73
 113.920    37.00     6.08    10.00     3.16     2.00     1.41     1.00     2.00
 115.200    36.00     6.00     5.00     2.24     2.00     1.41     2.00     1.41
 116.480    38.00     6.16     9.00     3.00     0.10     5.00     0.10     5.00
 117.760    28.00     5.29     5.00     2.24     4.00     2.00     1.00     2.00
 119.040    30.00     5.48     5.00     2.24     2.00     1.41     1.00     2.00
 120.320    26.00     5.10     6.00     2.45     2.00     1.41     1.00     2.00
 121.600    31.00     5.57     8.00     2.83     0.10     5.00     0.10     5.00
 122.880    17.00     4.12     5.00     2.24     0.10     5.00     0.10     5.00
 124.160    32.00     5.66     6.00     2.45     2.00     1.41     1.00     2.00
 125.440    19.00     4.36     8.00     2.83     1.00     2.00     0.10     5.00
 126.720    20.00     4.47     2.00     1.41     3.00     1.73     0.10     5.00
